47500603
23845801
31405092
19045642
31074907
38502572
45822263
16504869
34134273
26136957
18737903
18536713
32541491
30079413
15006248
46004435
16591662
15863553
17494237
24493386
14832454
30690349
21529781
47578451
35035763
43818133
27558534
43093128
35809963
40705528
34844870
26054128
41689567
36684182
33179908
29110304
15046742
43092638
23986472
46301984
19936105
22768998
47946056
47653275
38995048
39792156
28418879
25131727
22787878
43895515
35311626
26116522
19624332
17038105
24309421
41820088
47037942
36347984
32848112
45943365
42199353
41039674
29769272
44156973
36649489
45539391
20020015
40898997
17207915
28986199
21027988
46044270
31604925
44830736
28245164
28633328
24973653
21005543
40671590
47600863
48076228
37572598
37224221
36209370
35193506
37762104
10562045
19589643
38372887
23535206
10803310
23711432
30819756
28341405
20501558
46591594
40864322
25225359
34595977
29750348
47608827
30114887
38560185
38932404
45871282
45827201
40475099
37901907
40965059
47659699
25344654
43802191
37793261
27877982
45913619
41431587
15818848
18563228
20368736
32036609
16013721
25037346
21940888
33836823
41736658
27916623
18453855
47588450
47051456
46084042
46881550
34553532
45997171
36939442
33426196
42082068
31194607
23926996
31032503
25602232
14521953
23210042
25858277
40507838
34484303
26586000
30697621
45579072
21883611
14974866
28557705
30023632
17192300
33395169
20874752
44747893
23139154
32571428
23768121
20409258
34759216
22002084
47757838
48036924
17435082
40902685
30948497
34308789
21953301
27610177
22095881
10146438
14767061
44171327
39329957
30485757
19450998
40214787
17580697
42577538
21410140
19303238
26109814
31344134
21323735
31789012
42201549
19309732
23202866
39185409
44532042
36932632
34468317
45511355
27559694
31733306
40238477
23984901
39015289
24278965
28358546
39724070
39204294
29051503
40030836
20958821
27607144
29444524
47783725
27146717
17091262
23602111
36797061
35649660
33017467
37492352
26875386
21993313
20703495
15362554
43048600
41623508
36511786
14352887
33335151
46722730
22705972
29543642
18390840
42052227
26713899
40502849
42863319
35907376
35801464
26306556
33238587
17291795
33064958
16243970
42717220
46624952
30005080
24426634
35616364
20470957
26001707
30150875
33833709
19585939
42584835
38555728
16801105
25663239
42706175
32494404
27991895
25988177
10396837
28540975
22866852
36573174
28222254
27173499
35358899
36227151
15228570
25639562
44267041
34110773
20961481
22533216
37387121
48000051
42357877
23985600
33642135
33467259
29440099
34601225
29564019
14714294
44313162
15138818
16432590
28621906
43386165
33734482
45264601
14726242
19266352
37363452
40911511
19629720
26323511
28632815
46368290
39409217
20909748
10422782
29318459
37781263
36384102
28196970
43479932
36432934
35511141
32184648
36034221
24552953
16537417
29726115
45010663
24057673
17813815
44035483
16768972
44774768
20483743
25294987
46400825
22707989
26774505
15967269
37005730
40993550
42947999
40822804
42795201
19102768
29007055
14805319
10439981
40750550
26156794
26653819
34033711
18655512
48035725
33580173
24951546
14783635
31010461
15980264
33255837
44976922
46774170
36907960
29011486
15858510
47670548
38830446
26454099
39121944
44806552
39007627
18226564
43636146
18604229
24047528
44729210
34966261
46724415
23691295
42473184
20549879
47714060
20931870
34838817
31166126
18658014
15427630
43456900
23978813
41622553
37760219
16168935
22653436
39351089
39327609
20667045
23066640
24986025
21578123
15215724
35775655
15296456
30656480
14505514
36375558
37818914
23426877
28721837
45457302
45291554
47341494
28936999
28548493
45894099
10975052
18495435
28459897
25799766
23972305
46920892
15014539
18261145
19622077
34344043
41476406
34668215
36884918
23206947
32404832
36126117
29275183
34899664
21965929
30530294
23958432
44129637
35466765
42231627
20746104
32027654
15445539
38882099
42712351
25625836
10122665
38237254
39707186
27997136
34210598
32258035
19225368
29307001
17901174
20319306
10582670
23948843
43929984
15244779
33927185
20827885
38397780
29173091
17668954
30940093
21942520
23406640
40186906
36404632
21351829
47129820
25237599
34950182
42464379
42024200
44422269
36893925
31687303
42731420
40118341
16532809
15119111
30335624
16800340
41922261
27670421
35286902
40238936
30532963
18310673
47716067
27797858
37509263
47452250
17092825
44314098
35896793
31783706
44904602
23792228
15284243
16998308
38905676
24811888
15459960
27490072
26039066
44404790
36286561
14458208
37292489
32344757
18322825
36827518
34786865
23838871
39908352
21434066
29981716
30645969
22039965
40554596
24587526
34707458
37619705
44818168
23073673
30282528
29984225
17424507
26521145
39414707
40519950
44470411
23161216
15851502
41496722
25646038
47646941
23665559
22983163
23674623
30199862
27159910
19664231
26858415
44988584
23382670
29080091
47509117
39646731
20178549
35155679
38952485
20959890
30100204
24528751
37537407
42862768
21647149
39853378
28842453
28469353
44499327
26758241
20915468
17673359
31344134
21323735
47623478
40350118
41222752
9434903
43714539
34287901
9440583
14719608
16981575
32372961
17180590
44438206
24677850
40532056
31945953
29391484
32776787
41976000
34108293
22485211
10862096
40910505
23512552
15227028
46092571
31137365
32807148
28330475
20818296
43920230
16213680
43122237
24101204
37902855
44031791
46540839
10177789
42199304
22131639
17187994
46672709
40426532
27081537
46430086
33922738
19966306
21488868
14902711
15388370
19973109
30086075
33131395
39539283
34798708
26677499
28034795
44092951
38439883
20690321
30102640
25633873
26608746
45287532
24972930
34482774
30314974
35177388
37021921
33522656
29370624
31067896
43960639
37859889
15350397
18066860
25075807
32120298
32784668
31667981
21085007
28850858
25540857
18482517
25984578
20336535
39092162
45193265
16008404
37180596
45038309
36118684
15454957
33511898
34553150
27850810
36322590
32374878
43829159
28852482
42453586
32626569
9699999
46879097
36160450
22955871
27363073
38385276
21253195
41106068
25083385
16714923
27664903
15716050
18575056
39721757
28652474
44926684
20252089
33857387
16384750
18170918
31525287
30212593
46948690
22939394
34189002
27831962
18038256
29202619
29665262
44251829
43358707
31072646
11099422
10751427
18657833
21328379
31261380
37262816
16396621
23441548
47431928
29040377
20676040
40390984
16258294
47532988
36004792
30012095
21780976
27375842
21598763
17186085
39630885
33033559
35141156
18694268
28875807
35682722
46489806
47783990
31996022
18464924
18067188
32642460
25637034
24639532
29198958
41907285
31919532
36812956
15688511
14719256
40329614
17684621
40866018
30035048
22685528
37647083
45435071
44559896
31933427
15253627
45795290
19695379
38575962
18428754
31701482
32284353
47838476
36562463
10916504
47637119
16338055
22287403
40156536
20753921
37989937
42290953
27060541
47434686
48073514
9421310
45158877
37080866
27414481
34399286
17267449
42677852
31076793
19779327
37156132
32569971
40242122
37704270
27012910
38755109
20911017
17505259
46404320
16194354
35629256
45165918
36396052
19053005
20090334
45848368
19924398
39284426
29872490
23874980
36985560
44215668
15403035
39536476
25915301
25293485
43269983
19272610
44049891
44615028
41972125
34776607
14677046
14809792
33616878
10144098
45269948
21490655
29638892
23887572
16334733
46222895
25641973
19753596
47015358
47339105
35497117
26548217
27202416
16337288
24358338
32479823
29883630
38332503
40527565
35397162
14597136
39836126
15761973
19879265
17668812
22235770
33003833
33630933
34189020
21701717
9446214
46684605
29019411
47550696
21069507
45354364
41492916
27983420
27795239
20586451
18331125
20178705
23818265
33197327
30444708
36607449
36535376
46343781
33630403
21467197
40736424
19564817
26632891
18974535
17020395
36489928
36897118
36155404
27751624
15533087
32000547
46052448
38004925
46600657
38905585
35122463
20352394
42553723
38920159
40194341
29280419
41135782
26091526
28429491
32897061
40544777
46066065
21772415
19966204
16218253
40471677
9932569
32787294
47874300
33977916
44358038
27705472
34210598
32258035
28672956
41434792
29028617
20914243
47581946
25005595
20556881
17620963
26989298
14843146
31682105
40047093
41518482
34429802
29315169
36663083
30867248
18998511
26632891
18974535
14570300
34368030
40573170
22016380
37678202
18694744
19224869
24666928
31965623
14964873
36897578
17286872
17807034
36370964
41447193
42772814
28868890
28531402
32861141
15010445
46785808
19992821
28333432
23799241
40422901
16843294
33191036
24342579
29789107
30559081
26840638
37492864
29620171
44903826
47831575
20040078
22410157
46958925
40072129
46184909
26698420
17120741
28936878
41926815
9578088
15866191
20892560
22472572
26391088
37726125
48097193
25979368
38227696
14832758
39916542
20528151
14889736
38139331
21921393
41097443
30696293
16865346
32172787
27607155
32140355
22912033
30201180
18638725
43466960
41075301
22145627
45577040
29721055
46461718
26009910
33370600
31163186
20563770
39931140
17745146
38161473
19783814
35699468
23398702
22581445
46976144
22166683
45198242
40273876
34540754
40736814
24624904
25101031
45202630
26254328
37906792
27258685
36834011
20612590
24432901
27572058
18583300
43603156
32399533
15119366
47653851
14913838
44868925
30276550
39502836
47776230
46251517
37077033
47501367
39315542
33203422
20658039
41713274
40647555
36965934
39538429
16295637
29878066
39987168
11131170
40149137
46906622
33595884
15063347
40885895
37106430
22717944
10490163
16896532
27088579
35491960
37979357
29599326
22132133
36385163
23604394
33642406
40107929
29254093
45237593
39025130
29395828
43243193
33176381
38399691
42765861
30559081
26840638
46430060
25005370
17759121
9987119
21812338
29087458
22550688
35558243
46931476
32584956
19059785
38445188
39485298
38163809
21009830
38495576
38702200
44403799
47956949
37976044
34031165
44552439
10752392
16156269
25331414
35371886
26870628
10171428
34347814
27013067
47633692
47160443
47056562
25078778
38005438
33811442
32448533
47640743
15147544
34429490
25308216
27516424
38666184
26677359
17645998
19558968
28553821
34832512
43132476
40473961
37606138
29469945
25374135
40544448
26630228
22281932
34486741
14568674
21564842
37677331
39287270
35546129
31097225
25214923
33834767
39211688
31103642
20892544
39511920
30857241
46814644
28938131
37546516
25494616
26904699
41873183
30580298
41334875
37001520
32136212
30962674
30125706
40699243
21186143
41339792
25076853
38013467
38718791
16233852
26882940
28951794
35829253
20433151
22382090
23053208
22422164
25361938
24482113
17913446
35923872
44485179
22127995
32879649
42237942
42082878
34657507
42467655
27028110
26570179
17902136
47666676
35438113
17743370
32369865
23822830
34803115
16995296
31552097
46615242
30608406
33002872
35141162
20997702
28306725
33281546
31800908
15554702
32559294
23944131
39548169
33267893
34739948
34605867
29825101
18537218
36811507
46497167
45093371
27923016
38848617
22076866
10163437
21641098
42048242
38905585
35122463
40009933
27078626
25769463
41687645
37916244
20713355
24208971
45916486
17045138
32504513
46648666
41914590
38338806
32128718
43651638
25390865
35198453
30151004
17371951
10880240
46477981
41961161
19665289
18313678
30824622
45906048
29843241
35006194
27281193
16493137
45649236
27825802
16640266
38621911
16605477
42062162
42286959
38868863
16236501
39668997
30289698
22944677
24046051
38686261
35663489
19984125
44092658
17777245
22263596
24523212
25680736
46568546
37637388
17380889
31844292
15302051
39848472
43513127
9472586
22346597
25151739
32837760
36927847
29476930
38466260
22308809
21947689
25313144
34602623
10210335
40556337
41088870
31158271
27186102
36252837
35290551
10819316
21462356
40146959
37864037
24239373
26900179
34088630
46903053
34388652
30589652
39495617
15403104
43875781
26519622
29878125
27085624
24517506
17475482
19677082
15178988
37798762
17574586
29895084
23836884
36207336
23078506
14760580
19108251
41183343
10990811
42041544
36851260
27056246
18024592
15998533
43534451
20974987
24930042
22167798
15866377
46522838
46345365
10482260
40596859
47252169
41435632
21559826
15999793
40753708
35890637
14680162
39845314
29422657
44108480
37499316
38071237
17553058
18483026
22076866
10163437
28682354
17962937
9437816
20136367
38861243
29399760
23946171
9973995
25088258
43512340
21958712
29042996
10516786
46111075
21120935
42561216
38320741
43276240
32873834
41373401
16697735
42103726
19715454
34445785
31074516
36828045
29732335
18622235
29312462
31538318
40420099
31937789
19979957
44895583
41003097
47762974
29074489
46214259
42865363
26077012
35460455
26296464
40411636
36416736
23264511
43539605
30843981
21654953
34124196
44237121
29367261
18217372
43254107
32389911
10638050
17246402
25281185
32880331
38980023
36632032
22814103
33458422
23813689
14821998
38160260
45268334
11093648
38596551
44589063
16088587
42042070
18277566
20492570
20110864
37372426
10462786
31863511
42819519
22357669
21521794
36853117
40426532
27081537
19601706
43643784
23226888
24201887
42492895
43126517
27662909
23418977
18307007
20508528
39690743
35377958
30234279
46987766
41351371
45690252
25441121
30695538
43326292
43924935
45582856
32034656
29625591
36834460
33776604
41890755
35300434
42676472
38065263
23521908
24632976
9467846
41582469
38795420
47835066
40768756
39759996
41694907
25863036
37899598
43876687
20819215
33599721
15864336
37627073
23942495
14540812
28639633
29169279
30686645
25269797
15476101
41142097
15708135
17421465
44701214
19996610
36303317
27232259
20061834
20916367
32982012
44470065
37485878
33660405
22994537
37237408
42793050
16528355
28902822
34623171
33270497
29497411
44853251
16438584
15629860
35201827
36010177
29108398
29996766
36825967
43583324
31992206
39302488
45981801
28879282
26385107
31007648
45050152
9687634
47891681
40337958
47221902
19933705
32829960
21766797
41100966
24958654
35450618
17132341
33075015
21502418
15276189
38023201
45840087
18061577
35293939
48076413
28206028
17751219
24663757
41555823
10732003
29927369
20500217
18706118
21607690
31743737
14839771
24193130
37425158
38096014
47828398
34186594
20402285
36834011
20612590
15427786
27991581
35860810
16784275
14473757
20680053
33546687
27928020
31931042
19281982
42453274
14561902
38407906
25443603
23653376
27834456
22985319
16760726
39165604
39637313
32153245
37137885
39022217
21217365
24633897
42933423
16227846
44760910
30113270
36264480
45459831
18103259
28314749
35065237
45711139
35915643
31639568
34433739
18275799
