25226957
19008795
23301285
35488743
45449074
46776233
27102659
18681505
28004175
10708473
23177864
43387443
47183456
27860667
46806133
10102627
31138867
33813953
20406402
41678837
43634827
39805422
18265676
25904579
20068778
17512626
27987576
10977998
16854417
46652561
35885478
22116263
20942242
35261572
18542681
37059592
25768381
31910640
30843595
22018267
32551094
16513454
45827607
35115836
23988003
17571552
10176309
17986501
25301369
10179974
32734923
22875680
38987699
47047211
20686556
27229653
28044084
16692738
16384384
26983166
41791178
17940566
23840323
28692554
10832831
25459281
44052149
25350350
34887185
31924673
9868190
9734781
15147385
31837269
36957934
30310182
20783143
32230805
30632967
31343693
43402031
9526943
19855893
21663350
34116447
42209484
35372481
17175623
35132375
20298771
19995007
25639140
47965643
34500765
40224228
27164155
44892121
23554920
10500175
30746109
26703623
33658060
33438483
24117984
21918665
24328079
15466657
25027903
39632403
41812134
47237704
22344453
35777280
46016382
27840827
15199117
36021844
15297968
9547516
47723335
27033420
22371124
40203648
23558997
17128446
41033889
29726257
33935000
26846345
43494292
26428076
14447162
31985228
47679125
40932109
30364638
38173531
37509767
23266363
42545751
20433659
9861365
24999193
39756431
16432941
26542789
29018648
41359295
39730313
16369820
11090116
40756223
35263265
40198498
26955653
21171847
42503044
17591131
40291744
43589880
37842519
37685040
36817500
20368065
21463524
42767303
35934310
32521542
27292351
46986869
43415048
36704506
35645742
22637667
41457227
32903217
26902120
22410992
37651355
31419444
28646069
20752582
33464604
19492808
46502013
43199864
43808811
30373338
38679884
37547018
21681653
39591572
44092768
37926022
42340678
35048543
47507068
16924106
46226975
35880871
17932766
25013843
33828316
20120908
36904220
39162569
11183637
41955496
41980354
29211539
25969541
23888106
47256728
17907249
19252966
16289966
36412307
39763562
30295037
25340974
37884459
42583629
43587899
25689710
19705121
43133808
33351277
34397951
22732798
29772459
30941925
39275651
24945330
16103264
16984829
43128315
42104772
40016562
16549882
22135601
47808374
47730627
41547618
28630898
37693408
47182111
16070950
46821333
41211912
42554889
11132154
28009523
36305365
37938837
31275544
32153825
20375986
45582089
39416050
9458764
23712470
43875599
44866658
15271480
32980180
30973325
27281095
45790725
47943741
23854823
27372851
28622089
40951711
31437776
38449224
22989748
21245293
14734879
30325161
46415388
40398983
32724187
34749170
33875098
47152053
31469768
39596525
34908707
23929063
40165138
35473783
43926776
35310455
27869125
20365733
25770724
10478970
19739541
15681935
30168940
22216026
17070255
20102019
46441746
35185610
20560363
23506955
33754681
36426698
21566399
29834928
23504111
30702280
25957159
28195808
24106891
28379130
29011501
45630947
40926083
17557027
29940509
10202391
23409115
32964941
37696675
21222132
21223598
47628543
37984211
41642063
30682572
41849770
17026272
18444542
26321717
44953680
40898562
35864839
29335977
30878557
47083381
31240015
33892791
32014008
39800699
39063478
27566528
39238692
39109788
35133210
33617487
27163781
40880660
17922956
43811711
38880501
33832588
43816900
16906087
45663771
33138529


39151996
