30459418
35003097
25393082
41229319
43387443
14770258
16127257
38491684
22175859
14989577
45954780
47404504
27032652
22011248
21209442
46146836
28222484
39359313
40849783
26561186
30756490
22485616
46946745
30080671
40918273
27161557
15426564
15297968
40951711
31702493
15470825
46776562
44781064
35927085
31678041
32944285
44195195
46917032
42175436
44138184
29834928
47325599
35288942
34515777
19343670
33963435
39058620
45635776
36522307
23939042
35405390
16780626
27891321
40316404
20217432
18765916
39329664
34598017
25707317
18000968
27615173
18124764
20338257
32143696
22416445
32289450
45766877
20228290
21112747
26669341
34617826
34156419
34093228
20458722
43957361
10944196
30451620
23550558
39793037
17788335
44169976
29634960
19029675
18696267
27259832
27376845
26007740
18219837
19079801
28251494
21674389
19865363
36079821
31549684
40925411
44528225
21196257
27801447
18602143
37630991
44093333
42885195
15487712
18830203
30366377
20022191
23441037
40932109
28219199
23763792
35941489
45892226
41984954
27153180
37602213
35257545
45800377
9438496
24999193
27358094
15927025
39305609
44405876
40956082
42682932
23115645
39608231
32975701
19719130
33611353
17418046
45809578
30702280
17271256
16604165
44281565
28780101
46941473
30395108
26280870
41226927
36019625
37199179
38459745
34099568
30192514
9475466
46154450
31060456
16128467
41532981
25092691
34546492
39074711
45656730
46766381
11045758
34022795
15471549
20565857
33658859
22021284
32910458
42335912
17067789
10446764
21463565
40750214
14892492
15085815
37595087
15764825
46208671
21822489
23319979
18030325
43391022
38765262
24625064
32315173
43459660
16715693
37981467
15144346
25499330
41328397
39652511
14785284
19668579
35301648
11109477
23689118
44335964
14526539
36520715
36638072
11078618
21400064
40837901
18645032
33080042
35534743
34426588
25181271
38061900
45882542
22148313
16243763
35335541
36897545
20202568
15626499
15722984
37329211
37087577
25291553
34765268
23470588
20605743
44180851
43634827
40992743
9512138
40910896
39704621
31051945
27899564
37383856
35782773
22674943
32340870
33628538
31622707
30954945
20432046
35062062
21378148
40116113
40859627
31424079
25291973
22310694
43124580
20772948
10203434
42047691
32430307
43734675
29273153
42288221
46247694
35926669
38162608
36466762
17557027
10502993
22615492
29092828
17956633
42667924
19642353
28010694
46438383
31032561
17976713
23198396
41092116
38679884
42396518
39738558
37835216
34992434
30543009
47248469
30916463
28857144
46262228
22456991
40974437
43958647
43437119
31163237
38717672
26628477
23156791
44999423
42709995
42465064
35846332
42002155
16782998
32201740
16529167
36988569
43201578
46946632
43234697
47523381
21457883
32141432
29936398
33905696
32262891
9842155
27440550
47992299
9861365
28222539
20629283
20298889
19543820
21910479
34688006
30099335
17575470
31910640
43911441
24331564
30000728
17301412
26747119
15524269
16056004
40687399
28289592
15036930
10525366
25538577
28845350
17432650
17494551
17396930
18009984
48115694
42400220
15447471
32314717
20192724
44405763
40040305
19152158
10896979
19805782
38023426
16877529
9570706
17089295
19041132
20781367
28317493
10162183
24104509
26029781
35206605
26818097
36504499
17109725
29243136
45807726
39594491
37461112
46757479


